2286149
2284761
2237139
2301505
2283396
2208377
2219703
2219701
2284768
2286144
2302953
2286148
2300491
2302430
2301583
2301581
2230985
1686369
2302550
2278884
2230983
2230982
2258359
2278881
2299505
2278887
2238216
2303916
2234499
2232354
2276173
2304720
2306867
2303635
2307037
2305130
911188
2304167
2213053
2213054
2276175
2298549
2238850
2238212
2215521
2305846
2305328
2302853
2304754
2302333
2226381
2228284
2227470
2284743
2228285
2304758
2300558
2226782
2300436
2226788
2246911
2226789
2295209
2304073
2239332
2150650
2207352
2304508
2208721
2301599
2281588
2305832
2302563
2299254
2304980
2275582
2219699
2238597
2295213
2297876
2232047
2232049
2233656
2304655
2304775
2281333
2281334
2301149
2305221
2295100
2246970
2218371
2298610
2218370
2302475
2299541
2298572
2304090
2298617
2169202
2283582
2248080
2283580
2235303
2258160
2301411
2282415
2282414
2228691
2282410
2227804
2299155
2304243
2211072
2212160
2258327
2299439
2218780
2211074
2238206
2237513
2237511
2236423
2214758
2300519
2301206
2303625
2302415
2298599
2304790
2297783
2227951
2300593
2231256
2208516
2208517
2218791
2295885
2218792
2302926
2233022
2233023
2212069
2236413
2234476
2301715
2233421
2233424
2233425
2304789
2304304
2297272
2303731
2299171
2248100
2306965
2247136
2297277
2300460
2297276
2246968
2214760
2211091
2218045
2233141
2295259