2286149
2284761
2237139
2283396
2154308
2219701
2284768
2286144
2286148
2223256
2302430
2301583
2255801
2230985
2302550
2230982
2258359
2238216
2232351
2207330
2234498
2234499
2232354
2218505
2306867
2303635
2307037
2303591
2304167
2255411
2298549
2294741
2255496
2238212
2258052
2210599
2203420
2304754
2302333
2226381
2302218
2300952
2284743
2304758
2300558
2301007
2226789
2299807
2207348
2304073
2233590
2207352
2208721
2299808
2305714
2301599
2281588
2263498
2305832
2296267
2302563
2220794
2299254
2220797
2304980
2303495
2219699
2219698
2218366
2299936
2255512
2230471
2232049
2303601
2304775
2225992
2281334
2301149
2281331
2223173
2246970
2220340
2298610
2223299
2302475
2298572
2302231
2304090
2298617
2258159
2218013
2255294
2258164
2283582
2283580
2235303
2258160
2282415
2300048
2282414
2228691
2209550
2282410
2299832
2225501
2218382
2297893
2299155
2299837
2258327
2295357
2211074
2238206
2237513
2237511
2236423
2300519
2302015
2301206
2225497
2232628
2303625
2225495
2302415
2298599
2304790
2225499
2300593
2231256
2208516
2218791
2218792
2233143
2233023
2236413
2233387
2301715
2209976
2233425
2304789
2300860
2297272
2303731
2299171
2306965
2228759
2297277
2297276
2246964
2209978
2246968
2211091
2233382